# Формат: ID|Level1|Level2|Level3|Адаптивные действия|ReflexChainID
# Level1: Интегральное базовое состояние гомеостаза: -1: 0: 1
# Level2: Контексты реагирования: id1,id2,id3
# Level3: Гомеостатические воздействия: id1,id2,id3
# Адаптивные действия: id1,id2,id3
# ReflexChainID: ID цепочки рефлексов (0 если нет)
1|-1|1||15|1
2|-1|7||12|2
3|-1|10||14|3
4|-1|14||17|4
5|-1|1,11||8|5
6|-1|1,9||3|6
7|-1|1,8||11|7
8|-1|1,17||4|8
9|-1|1,16||15|9
10|-1|2,9||3|10
11|-1|2,11||8|11
12|-1|2,12||11|12
13|-1|2,13||11|13
14|-1|7,14||12|14
15|-1|7,16||15|15
16|-1|7,17||17|16
17|-1|7,10||14|17
18|-1|8,9||3|18
19|-1|8,11||8|19
20|-1|9,17||3|20
21|-1|10,14||14|21
22|-1|12,13||11|22
23|-1|14,16||15|23
24|-1|16,17||4|24
25|-1|1,8,11||8|25
26|-1|1,8,13||11|26
27|-1|1,8,9||3|27
28|-1|1,8,12||11|28
29|-1|1,8,16||15|29
30|-1|1,16,17||4|30
31|-1|1,14,17||4|31
32|-1|1,9,14||3|32
33|-1|1,9,17||3|33
34|-1|1,9,16||3|34
35|-1|1,2,8||11|35
36|-1|1,2,11||8|36
37|-1|1,2,13||11|37
38|-1|2,12,13||11|38
39|-1|2,8,9||3|39
40|-1|7,14,16||12|40
41|-1|7,10,14||14|41
42|-1|7,10,16||14|42
43|-1|7,14,17||17|43
44|-1|7,10,17||14|44
45|-1|8,9,13||11|45
46|-1|8,11,13||11|46
47|-1|8,12,13||11|47
48|-1|8,9,16||3|48
49|-1|14,16,17||4|49
50|0|1||21|50
51|0|7||12|51
52|0|10||14|52
53|0|14||21|53
54|0|1,11||21|54
55|0|1,9||3|55
56|0|1,8||3|56
57|0|1,17||21|57
58|0|1,16||3|58
59|0|2,9||21|59
60|0|2,11||7|60
61|0|2,12||21|61
62|0|2,13||21|62
63|0|7,14||12|63
64|0|7,16||12|64
65|0|7,17||12|65
66|0|7,10||14|66
67|0|8,9||3|67
68|0|8,11||7|68
69|0|9,17||3|69
70|0|10,14||14|70
71|0|12,13||11|71
72|0|14,16||13|72
73|0|16,17||13|73
74|0|1,8,11||3|74
75|0|1,8,13||3|75
76|0|1,8,9||3|76
77|0|1,8,12||3|77
78|0|1,8,16||3|78
79|0|1,16,17||3|79
80|0|1,14,17||3|80
81|0|1,9,14||3|81
82|0|1,9,17||3|82
83|0|1,9,16||3|83
84|0|1,2,8||3|84
85|0|1,2,11||3|85
86|0|1,2,13||3|86
87|0|2,12,13||21|87
88|0|2,8,9||3|88
89|0|7,14,16||12|89
90|0|7,10,14||14|90
91|0|7,10,16||14|91
92|0|7,14,17||12|92
93|0|7,10,17||14|93
94|0|8,9,13||3|94
95|0|8,11,13||7|95
96|0|8,12,13||21|96
97|0|8,9,16||3|97
98|0|14,16,17||13|98
99|1|1||3|99
100|1|7||12|100
101|1|10||14|101
102|1|14||9|102
103|1|1,11||21|103
104|1|1,9||3|104
105|1|1,8||3|105
106|1|1,17||3|106
107|1|1,16||13|107
108|1|2,9||3|108
109|1|2,11||21|109
110|1|2,12||13|110
111|1|2,13||21|111
112|1|7,14||12|112
113|1|7,16||12|113
114|1|7,17||12|114
115|1|7,10||14|115
116|1|8,9||3|116
117|1|8,11||21|117
118|1|9,17||3|118
119|1|10,14||14|119
120|1|12,13||11|120
121|1|14,16||13|121
122|1|16,17||13|122
123|1|1,8,11||3|123
124|1|1,8,13||3|124
125|1|1,8,9||3|125
126|1|1,8,12||3|126
127|1|1,8,16||13|127
128|1|1,16,17||13|128
129|1|1,14,17||3|129
130|1|1,9,14||3|130
131|1|1,9,17||3|131
132|1|1,9,16||3|132
133|1|1,2,8||3|133
134|1|1,2,11||3|134
135|1|1,2,13||3|135
136|1|2,12,13||13|136
137|1|2,8,9||3|137
138|1|7,14,16||12|138
139|1|7,10,14||14|139
140|1|7,10,16||14|140
141|1|7,14,17||12|141
142|1|7,10,17||14|142
143|1|8,9,13||3|143
144|1|8,11,13||7|144
145|1|8,12,13||13|145
146|1|8,9,16||3|146
147|1|14,16,17||13|147
148|-1|1|1|8|148
149|-1|1|2|7|149
150|-1|1|3|8|150
151|-1|1|4|23|151
152|-1|1|5|10|152
153|-1|1|6|7|153
154|-1|1|7|10|154
155|-1|1|8|7|155
156|-1|1|9|15|156
157|-1|1|10|23|157
158|-1|1|11|5|158
159|-1|1|12|23|159
160|-1|7|1|8|160
161|-1|7|2|18|161
162|-1|7|3|8|162
163|-1|7|4|23|163
164|-1|7|5|10|164
165|-1|7|6|9|165
166|-1|7|7|10|166
167|-1|7|8|7|167
168|-1|7|9|14|168
169|-1|7|10|23|169
170|-1|7|11|5|170
171|-1|7|12|23|171
172|-1|10|1|8|172
173|-1|10|2|12|173
174|-1|10|3|8|174
175|-1|10|4|23|175
176|-1|10|5|10|176
177|-1|10|6|9|177
178|-1|10|7|10|178
179|-1|10|8|7|179
180|-1|10|9|14|180
181|-1|10|10|14|181
182|-1|10|11|5|182
183|-1|10|12|23|183
184|-1|14|1|8|184
185|-1|14|2|9|185
186|-1|14|3|8|186
187|-1|14|4|23|187
188|-1|14|5|10|188
189|-1|14|6|9|189
190|-1|14|7|10|190
191|-1|14|8|6|191
192|-1|14|9|10|192
193|-1|14|10|18|193
194|-1|14|11|5|194
195|-1|14|12|23|195
196|-1|1,11|1|8|196
197|-1|1,11|2|7|197
198|-1|1,11|3|8|198
199|-1|1,11|4|23|199
200|-1|1,11|5|10|200
201|-1|1,11|6|7|201
202|-1|1,11|7|10|202
203|-1|1,11|8|7|203
204|-1|1,11|9|15|204
205|-1|1,11|10|23|205
206|-1|1,11|11|5|206
207|-1|1,11|12|23|207
208|-1|1,9|1|8|208
209|-1|1,9|2|9|209
210|-1|1,9|3|8|210
211|-1|1,9|4|23|211
212|-1|1,9|5|10|212
213|-1|1,9|6|9|213
214|-1|1,9|7|10|214
215|-1|1,9|8|9|215
216|-1|1,9|9|15|216
217|-1|1,9|10|23|217
218|-1|1,9|11|5|218
219|-1|1,9|12|23|219
220|-1|1,8|1|11|220
221|-1|1,8|2|7|221
222|-1|1,8|3|8|222
223|-1|1,8|4|23|223
224|-1|1,8|5|11|224
225|-1|1,8|6|7|225
226|-1|1,8|7|10|226
227|-1|1,8|8|7|227
228|-1|1,8|9|11|228
229|-1|1,8|10|23|229
230|-1|1,8|11|5|230
231|-1|1,8|12|23|231
232|-1|1,17|1|8|232
233|-1|1,17|2|9|233
234|-1|1,17|3|8|234
235|-1|1,17|4|23|235
236|-1|1,17|5|10|236
237|-1|1,17|6|9|237
238|-1|1,17|7|10|238
239|-1|1,17|8|9|239
240|-1|1,17|9|10|240
241|-1|1,17|10|18|241
242|-1|1,17|11|5|242
243|-1|1,17|12|23|243
244|-1|1,16|1|8|244
245|-1|1,16|2|9|245
246|-1|1,16|3|8|246
247|-1|1,16|4|23|247
248|-1|1,16|5|10|248
249|-1|1,16|6|9|249
250|-1|1,16|7|10|250
251|-1|1,16|8|6|251
252|-1|1,16|9|15|252
253|-1|1,16|10|23|253
254|-1|1,16|11|5|254
255|-1|1,16|12|23|255
256|-1|2,9|1|8|256
257|-1|2,9|2|9|257
258|-1|2,9|3|8|258
259|-1|2,9|4|23|259
260|-1|2,9|5|10|260
261|-1|2,9|6|9|261
262|-1|2,9|7|10|262
263|-1|2,9|8|9|263
264|-1|2,9|9|15|264
265|-1|2,9|10|23|265
266|-1|2,9|11|5|266
267|-1|2,9|12|23|267
268|-1|2,11|1|8|268
269|-1|2,11|2|7|269
270|-1|2,11|3|8|270
271|-1|2,11|4|23|271
272|-1|2,11|5|10|272
273|-1|2,11|6|7|273
274|-1|2,11|7|10|274
275|-1|2,11|8|7|275
276|-1|2,11|9|15|276
277|-1|2,11|10|23|277
278|-1|2,11|11|5|278
279|-1|2,11|12|23|279
280|-1|2,12|1|11|280
281|-1|2,12|2|7|281
282|-1|2,12|3|8|282
283|-1|2,12|4|23|283
284|-1|2,12|5|11|284
285|-1|2,12|6|7|285
286|-1|2,12|7|10|286
287|-1|2,12|8|7|287
288|-1|2,12|9|11|288
289|-1|2,12|10|23|289
290|-1|2,12|11|5|290
291|-1|2,12|12|23|291
292|-1|2,13|1|11|292
293|-1|2,13|2|7|293
294|-1|2,13|3|8|294
295|-1|2,13|4|23|295
296|-1|2,13|5|11|296
297|-1|2,13|6|7|297
298|-1|2,13|7|10|298
299|-1|2,13|8|7|299
300|-1|2,13|9|11|300
301|-1|2,13|10|23|301
302|-1|2,13|11|5|302
303|-1|2,13|12|23|303
304|-1|7,14|1|8|304
305|-1|7,14|2|9|305
306|-1|7,14|3|8|306
307|-1|7,14|4|23|307
308|-1|7,14|5|10|308
309|-1|7,14|6|9|309
310|-1|7,14|7|10|310
311|-1|7,14|8|6|311
312|-1|7,14|9|12|312
313|-1|7,14|10|23|313
314|-1|7,14|11|5|314
315|-1|7,14|12|23|315
316|-1|7,16|1|8|316
317|-1|7,16|2|9|317
318|-1|7,16|3|8|318
319|-1|7,16|4|23|319
320|-1|7,16|5|10|320
321|-1|7,16|6|9|321
322|-1|7,16|7|10|322
323|-1|7,16|8|6|323
324|-1|7,16|9|12|324
325|-1|7,16|10|23|325
326|-1|7,16|11|5|326
327|-1|7,16|12|23|327
328|-1|7,17|1|8|328
329|-1|7,17|2|9|329
330|-1|7,17|3|8|330
331|-1|7,17|4|23|331
332|-1|7,17|5|10|332
333|-1|7,17|6|9|333
334|-1|7,17|7|10|334
335|-1|7,17|8|6|335
336|-1|7,17|9|12|336
337|-1|7,17|10|23|337
338|-1|7,17|11|5|338
339|-1|7,17|12|23|339
340|-1|7,10|1|8|340
341|-1|7,10|2|12|341
342|-1|7,10|3|8|342
343|-1|7,10|4|23|343
344|-1|7,10|5|10|344
345|-1|7,10|6|9|345
346|-1|7,10|7|10|346
347|-1|7,10|8|7|347
348|-1|7,10|9|14|348
349|-1|7,10|10|14|349
350|-1|7,10|11|5|350
351|-1|7,10|12|23|351
352|-1|8,9|1|11|352
353|-1|8,9|2|7|353
354|-1|8,9|3|8|354
355|-1|8,9|4|23|355
356|-1|8,9|5|11|356
357|-1|8,9|6|7|357
358|-1|8,9|7|10|358
359|-1|8,9|8|7|359
360|-1|8,9|9|11|360
361|-1|8,9|10|23|361
362|-1|8,9|11|5|362
363|-1|8,9|12|23|363
364|-1|8,11|1|8|364
365|-1|8,11|2|7|365
366|-1|8,11|3|8|366
367|-1|8,11|4|23|367
368|-1|8,11|5|10|368
369|-1|8,11|6|7|369
370|-1|8,11|7|10|370
371|-1|8,11|8|7|371
372|-1|8,11|9|8|372
373|-1|8,11|10|23|373
374|-1|8,11|11|5|374
375|-1|8,11|12|23|375
376|-1|9,17|1|8|376
377|-1|9,17|2|9|377
378|-1|9,17|3|8|378
379|-1|9,17|4|23|379
380|-1|9,17|5|10|380
381|-1|9,17|6|9|381
382|-1|9,17|7|10|382
383|-1|9,17|8|9|383
384|-1|9,17|9|10|384
385|-1|9,17|10|23|385
386|-1|9,17|11|5|386
387|-1|9,17|12|23|387
388|-1|10,14|1|8|388
389|-1|10,14|2|9|389
390|-1|10,14|3|8|390
391|-1|10,14|4|23|391
392|-1|10,14|5|10|392
393|-1|10,14|6|9|393
394|-1|10,14|7|10|394
395|-1|10,14|8|6|395
396|-1|10,14|9|14|396
397|-1|10,14|10|14|397
398|-1|10,14|11|5|398
399|-1|10,14|12|23|399
400|-1|12,13|1|11|400
401|-1|12,13|2|7|401
402|-1|12,13|3|8|402
403|-1|12,13|4|23|403
404|-1|12,13|5|11|404
405|-1|12,13|6|7|405
406|-1|12,13|7|10|406
407|-1|12,13|8|7|407
408|-1|12,13|9|11|408
409|-1|12,13|10|23|409
410|-1|12,13|11|5|410
411|-1|12,13|12|23|411
412|-1|14,16|1|8|412
413|-1|14,16|2|9|413
414|-1|14,16|3|8|414
415|-1|14,16|4|23|415
416|-1|14,16|5|10|416
417|-1|14,16|6|9|417
418|-1|14,16|7|10|418
419|-1|14,16|8|6|419
420|-1|14,16|9|10|420
421|-1|14,16|10|23|421
422|-1|14,16|11|5|422
423|-1|14,16|12|23|423
424|-1|16,17|1|8|424
425|-1|16,17|2|9|425
426|-1|16,17|3|8|426
427|-1|16,17|4|23|427
428|-1|16,17|5|10|428
429|-1|16,17|6|9|429
430|-1|16,17|7|10|430
431|-1|16,17|8|6|431
432|-1|16,17|9|10|432
433|-1|16,17|10|23|433
434|-1|16,17|11|5|434
435|-1|16,17|12|23|435
436|-1|1,8,11|1|8|436
437|-1|1,8,11|2|7|437
438|-1|1,8,11|3|8|438
439|-1|1,8,11|4|23|439
440|-1|1,8,11|5|10|440
441|-1|1,8,11|6|7|441
442|-1|1,8,11|7|10|442
443|-1|1,8,11|8|7|443
444|-1|1,8,11|9|15|444
445|-1|1,8,11|10|23|445
446|-1|1,8,11|11|5|446
447|-1|1,8,11|12|23|447
448|-1|1,8,13|1|11|448
449|-1|1,8,13|2|7|449
450|-1|1,8,13|3|8|450
451|-1|1,8,13|4|23|451
452|-1|1,8,13|5|11|452
453|-1|1,8,13|6|7|453
454|-1|1,8,13|7|10|454
455|-1|1,8,13|8|7|455
456|-1|1,8,13|9|11|456
457|-1|1,8,13|10|23|457
458|-1|1,8,13|11|5|458
459|-1|1,8,13|12|23|459
460|-1|1,8,9|1|11|460
461|-1|1,8,9|2|7|461
462|-1|1,8,9|3|8|462
463|-1|1,8,9|4|23|463
464|-1|1,8,9|5|11|464
465|-1|1,8,9|6|7|465
466|-1|1,8,9|7|10|466
467|-1|1,8,9|8|7|467
468|-1|1,8,9|9|11|468
469|-1|1,8,9|10|23|469
470|-1|1,8,9|11|5|470
471|-1|1,8,9|12|23|471
472|-1|1,8,12|1|11|472
473|-1|1,8,12|2|7|473
474|-1|1,8,12|3|8|474
475|-1|1,8,12|4|23|475
476|-1|1,8,12|5|11|476
477|-1|1,8,12|6|7|477
478|-1|1,8,12|7|10|478
479|-1|1,8,12|8|7|479
480|-1|1,8,12|9|11|480
481|-1|1,8,12|10|23|481
482|-1|1,8,12|11|5|482
483|-1|1,8,12|12|23|483
484|-1|1,8,16|1|8|484
485|-1|1,8,16|2|9|485
486|-1|1,8,16|3|8|486
487|-1|1,8,16|4|23|487
488|-1|1,8,16|5|10|488
489|-1|1,8,16|6|9|489
490|-1|1,8,16|7|10|490
491|-1|1,8,16|8|6|491
492|-1|1,8,16|9|11|492
493|-1|1,8,16|10|23|493
494|-1|1,8,16|11|5|494
495|-1|1,8,16|12|23|495
496|-1|1,16,17|1|8|496
497|-1|1,16,17|2|9|497
498|-1|1,16,17|3|8|498
499|-1|1,16,17|4|23|499
500|-1|1,16,17|5|10|500
501|-1|1,16,17|6|9|501
502|-1|1,16,17|7|10|502
503|-1|1,16,17|8|6|503
504|-1|1,16,17|9|10|504
505|-1|1,16,17|10|23|505
506|-1|1,16,17|11|5|506
507|-1|1,16,17|12|23|507
508|-1|1,14,17|1|8|508
509|-1|1,14,17|2|9|509
510|-1|1,14,17|3|8|510
511|-1|1,14,17|4|23|511
512|-1|1,14,17|5|10|512
513|-1|1,14,17|6|9|513
514|-1|1,14,17|7|10|514
515|-1|1,14,17|8|6|515
516|-1|1,14,17|9|10|516
517|-1|1,14,17|10|23|517
518|-1|1,14,17|11|5|518
519|-1|1,14,17|12|23|519
520|-1|1,9,14|1|8|520
521|-1|1,9,14|2|9|521
522|-1|1,9,14|3|8|522
523|-1|1,9,14|4|23|523
524|-1|1,9,14|5|10|524
525|-1|1,9,14|6|9|525
526|-1|1,9,14|7|10|526
527|-1|1,9,14|8|9|527
528|-1|1,9,14|9|10|528
529|-1|1,9,14|10|23|529
530|-1|1,9,14|11|5|530
531|-1|1,9,14|12|23|531
532|-1|1,9,17|1|8|532
533|-1|1,9,17|2|9|533
534|-1|1,9,17|3|8|534
535|-1|1,9,17|4|23|535
536|-1|1,9,17|5|10|536
537|-1|1,9,17|6|9|537
538|-1|1,9,17|7|10|538
539|-1|1,9,17|8|9|539
540|-1|1,9,17|9|10|540
541|-1|1,9,17|10|23|541
542|-1|1,9,17|11|5|542
543|-1|1,9,17|12|23|543
544|-1|1,9,16|1|8|544
545|-1|1,9,16|2|9|545
546|-1|1,9,16|3|8|546
547|-1|1,9,16|4|23|547
548|-1|1,9,16|5|10|548
549|-1|1,9,16|6|9|549
550|-1|1,9,16|7|10|550
551|-1|1,9,16|8|6|551
552|-1|1,9,16|9|15|552
553|-1|1,9,16|10|23|553
554|-1|1,9,16|11|5|554
555|-1|1,9,16|12|23|555
556|-1|1,2,8|1|11|556
557|-1|1,2,8|2|7|557
558|-1|1,2,8|3|8|558
559|-1|1,2,8|4|23|559
560|-1|1,2,8|5|10|560
561|-1|1,2,8|6|7|561
562|-1|1,2,8|7|10|562
563|-1|1,2,8|8|7|563
564|-1|1,2,8|9|11|564
565|-1|1,2,8|10|23|565
566|-1|1,2,8|11|5|566
567|-1|1,2,8|12|23|567
568|-1|1,2,11|1|8|568
569|-1|1,2,11|2|7|569
570|-1|1,2,11|3|8|570
571|-1|1,2,11|4|23|571
572|-1|1,2,11|5|10|572
573|-1|1,2,11|6|7|573
574|-1|1,2,11|7|10|574
575|-1|1,2,11|8|7|575
576|-1|1,2,11|9|15|576
577|-1|1,2,11|10|23|577
578|-1|1,2,11|11|5|578
579|-1|1,2,11|12|23|579
580|-1|1,2,13|1|11|580
581|-1|1,2,13|2|7|581
582|-1|1,2,13|3|8|582
583|-1|1,2,13|4|23|583
584|-1|1,2,13|5|11|584
585|-1|1,2,13|6|7|585
586|-1|1,2,13|7|10|586
587|-1|1,2,13|8|7|587
588|-1|1,2,13|9|11|588
589|-1|1,2,13|10|23|589
590|-1|1,2,13|11|5|590
591|-1|1,2,13|12|23|591
592|-1|2,12,13|1|11|592
593|-1|2,12,13|2|7|593
594|-1|2,12,13|3|8|594
595|-1|2,12,13|4|23|595
596|-1|2,12,13|5|11|596
597|-1|2,12,13|6|7|597
598|-1|2,12,13|7|10|598
599|-1|2,12,13|8|7|599
600|-1|2,12,13|9|11|600
601|-1|2,12,13|10|23|601
602|-1|2,12,13|11|5|602
603|-1|2,12,13|12|23|603
604|-1|2,8,9|1|11|604
605|-1|2,8,9|2|7|605
606|-1|2,8,9|3|8|606
607|-1|2,8,9|4|23|607
608|-1|2,8,9|5|10|608
609|-1|2,8,9|6|7|609
610|-1|2,8,9|7|10|610
611|-1|2,8,9|8|7|611
612|-1|2,8,9|9|11|612
613|-1|2,8,9|10|23|613
614|-1|2,8,9|11|5|614
615|-1|2,8,9|12|23|615
616|-1|7,14,16|1|8|616
617|-1|7,14,16|2|9|617
618|-1|7,14,16|3|8|618
619|-1|7,14,16|4|23|619
620|-1|7,14,16|5|10|620
621|-1|7,14,16|6|9|621
622|-1|7,14,16|7|10|622
623|-1|7,14,16|8|6|623
624|-1|7,14,16|9|12|624
625|-1|7,14,16|10|23|625
626|-1|7,14,16|11|5|626
627|-1|7,14,16|12|23|627
628|-1|7,10,14|1|8|628
629|-1|7,10,14|2|12|629
630|-1|7,10,14|3|8|630
631|-1|7,10,14|4|23|631
632|-1|7,10,14|5|10|632
633|-1|7,10,14|6|9|633
634|-1|7,10,14|7|10|634
635|-1|7,10,14|8|6|635
636|-1|7,10,14|9|14|636
637|-1|7,10,14|10|14|637
638|-1|7,10,14|11|5|638
639|-1|7,10,14|12|23|639
640|-1|7,10,16|1|8|640
641|-1|7,10,16|2|12|641
642|-1|7,10,16|3|8|642
643|-1|7,10,16|4|23|643
644|-1|7,10,16|5|10|644
645|-1|7,10,16|6|9|645
646|-1|7,10,16|7|10|646
647|-1|7,10,16|8|6|647
648|-1|7,10,16|9|14|648
649|-1|7,10,16|10|14|649
650|-1|7,10,16|11|5|650
651|-1|7,10,16|12|23|651
652|-1|7,14,17|1|8|652
653|-1|7,14,17|2|9|653
654|-1|7,14,17|3|8|654
655|-1|7,14,17|4|23|655
656|-1|7,14,17|5|10|656
657|-1|7,14,17|6|9|657
658|-1|7,14,17|7|10|658
659|-1|7,14,17|8|6|659
660|-1|7,14,17|9|12|660
661|-1|7,14,17|10|23|661
662|-1|7,14,17|11|5|662
663|-1|7,14,17|12|23|663
664|-1|7,10,17|1|8|664
665|-1|7,10,17|2|12|665
666|-1|7,10,17|3|8|666
667|-1|7,10,17|4|23|667
668|-1|7,10,17|5|10|668
669|-1|7,10,17|6|9|669
670|-1|7,10,17|7|10|670
671|-1|7,10,17|8|6|671
672|-1|7,10,17|9|14|672
673|-1|7,10,17|10|14|673
674|-1|7,10,17|11|5|674
675|-1|7,10,17|12|23|675
676|-1|8,9,13|1|11|676
677|-1|8,9,13|2|7|677
678|-1|8,9,13|3|8|678
679|-1|8,9,13|4|23|679
680|-1|8,9,13|5|11|680
681|-1|8,9,13|6|7|681
682|-1|8,9,13|7|10|682
683|-1|8,9,13|8|7|683
684|-1|8,9,13|9|11|684
685|-1|8,9,13|10|23|685
686|-1|8,9,13|11|5|686
687|-1|8,9,13|12|23|687
688|-1|8,11,13|1|11|688
689|-1|8,11,13|2|7|689
690|-1|8,11,13|3|8|690
691|-1|8,11,13|4|23|691
692|-1|8,11,13|5|11|692
693|-1|8,11,13|6|7|693
694|-1|8,11,13|7|10|694
695|-1|8,11,13|8|7|695
696|-1|8,11,13|9|11|696
697|-1|8,11,13|10|23|697
698|-1|8,11,13|11|5|698
699|-1|8,11,13|12|23|699
700|-1|8,12,13|1|11|700
701|-1|8,12,13|2|7|701
702|-1|8,12,13|3|8|702
703|-1|8,12,13|4|23|703
704|-1|8,12,13|5|11|704
705|-1|8,12,13|6|7|705
706|-1|8,12,13|7|10|706
707|-1|8,12,13|8|7|707
708|-1|8,12,13|9|11|708
709|-1|8,12,13|10|23|709
710|-1|8,12,13|11|5|710
711|-1|8,12,13|12|23|711
712|-1|8,9,16|1|11|712
713|-1|8,9,16|2|9|713
714|-1|8,9,16|3|8|714
715|-1|8,9,16|4|23|715
716|-1|8,9,16|5|10|716
717|-1|8,9,16|6|9|717
718|-1|8,9,16|7|10|718
719|-1|8,9,16|8|6|719
720|-1|8,9,16|9|11|720
721|-1|8,9,16|10|23|721
722|-1|8,9,16|11|5|722
723|-1|8,9,16|12|23|723
724|-1|14,16,17|1|8|724
725|-1|14,16,17|2|9|725
726|-1|14,16,17|3|8|726
727|-1|14,16,17|4|23|727
728|-1|14,16,17|5|10|728
729|-1|14,16,17|6|9|729
730|-1|14,16,17|7|10|730
731|-1|14,16,17|8|6|731
732|-1|14,16,17|9|10|732
733|-1|14,16,17|10|23|733
734|-1|14,16,17|11|5|734
735|-1|14,16,17|12|23|735
736|0|1|1|7|736
737|0|1|2|9|737
738|0|1|3|7|738
739|0|1|4|23|739
740|0|1|5|10|740
741|0|1|6|9|741
742|0|1|7|10|742
743|0|1|8|6|743
744|0|1|9|15|744
745|0|1|10|23|745
746|0|1|11|8|746
747|0|1|12|9|747
748|0|7|1|7|748
749|0|7|2|9|749
750|0|7|3|8|750
751|0|7|4|23|751
752|0|7|5|10|752
753|0|7|6|9|753
754|0|7|7|10|754
755|0|7|8|6|755
756|0|7|9|14|756
757|0|7|10|14|757
758|0|7|11|8|758
759|0|7|12|23|759
760|0|10|1|7|760
761|0|10|2|12|761
762|0|10|3|8|762
763|0|10|4|14|763
764|0|10|5|10|764
765|0|10|6|9|765
766|0|10|7|10|766
767|0|10|8|6|767
768|0|10|9|14|768
769|0|10|10|14|769
770|0|10|11|8|770
771|0|10|12|23|771
772|0|14|1|7|772
773|0|14|2|9|773
774|0|14|3|8|774
775|0|14|4|23|775
776|0|14|5|10|776
777|0|14|6|9|777
778|0|14|7|10|778
779|0|14|8|6|779
780|0|14|9|10|780
781|0|14|10|23|781
782|0|14|11|8|782
783|0|14|12|9|783
784|0|1,11|1|7|784
785|0|1,11|2|9|785
786|0|1,11|3|8|786
787|0|1,11|4|23|787
788|0|1,11|5|10|788
789|0|1,11|6|9|789
790|0|1,11|7|10|790
791|0|1,11|8|6|791
792|0|1,11|9|15|792
793|0|1,11|10|23|793
794|0|1,11|11|8|794
795|0|1,11|12|9|795
796|0|1,9|1|7|796
797|0|1,9|2|9|797
798|0|1,9|3|7|798
799|0|1,9|4|23|799
800|0|1,9|5|10|800
801|0|1,9|6|9|801
802|0|1,9|7|10|802
803|0|1,9|8|6|803
804|0|1,9|9|15|804
805|0|1,9|10|23|805
806|0|1,9|11|8|806
807|0|1,9|12|9|807
808|0|1,8|1|7|808
809|0|1,8|2|9|809
810|0|1,8|3|8|810
811|0|1,8|4|23|811
812|0|1,8|5|10|812
813|0|1,8|6|9|813
814|0|1,8|7|10|814
815|0|1,8|8|6|815
816|0|1,8|9|11|816
817|0|1,8|10|23|817
818|0|1,8|11|8|818
819|0|1,8|12|9|819
820|0|1,17|1|7|820
821|0|1,17|2|9|821
822|0|1,17|3|8|822
823|0|1,17|4|23|823
824|0|1,17|5|10|824
825|0|1,17|6|9|825
826|0|1,17|7|10|826
827|0|1,17|8|6|827
828|0|1,17|9|10|828
829|0|1,17|10|23|829
830|0|1,17|11|8|830
831|0|1,17|12|9|831
832|0|1,16|1|7|832
833|0|1,16|2|9|833
834|0|1,16|3|8|834
835|0|1,16|4|23|835
836|0|1,16|5|10|836
837|0|1,16|6|9|837
838|0|1,16|7|10|838
839|0|1,16|8|6|839
840|0|1,16|9|15|840
841|0|1,16|10|23|841
842|0|1,16|11|8|842
843|0|1,16|12|9|843
844|0|2,9|1|7|844
845|0|2,9|2|9|845
846|0|2,9|3|7|846
847|0|2,9|4|23|847
848|0|2,9|5|10|848
849|0|2,9|6|9|849
850|0|2,9|7|10|850
851|0|2,9|8|6|851
852|0|2,9|9|15|852
853|0|2,9|10|23|853
854|0|2,9|11|8|854
855|0|2,9|12|9|855
856|0|2,11|1|7|856
857|0|2,11|2|9|857
858|0|2,11|3|8|858
859|0|2,11|4|23|859
860|0|2,11|5|10|860
861|0|2,11|6|9|861
862|0|2,11|7|10|862
863|0|2,11|8|6|863
864|0|2,11|9|15|864
865|0|2,11|10|23|865
866|0|2,11|11|8|866
867|0|2,11|12|9|867
868|0|2,12|1|7|868
869|0|2,12|2|9|869
870|0|2,12|3|8|870
871|0|2,12|4|23|871
872|0|2,12|5|10|872
873|0|2,12|6|9|873
874|0|2,12|7|10|874
875|0|2,12|8|6|875
876|0|2,12|9|11|876
877|0|2,12|10|23|877
878|0|2,12|11|8|878
879|0|2,12|12|9|879
880|0|2,13|1|7|880
881|0|2,13|2|9|881
882|0|2,13|3|8|882
883|0|2,13|4|23|883
884|0|2,13|5|10|884
885|0|2,13|6|9|885
886|0|2,13|7|10|886
887|0|2,13|8|6|887
888|0|2,13|9|11|888
889|0|2,13|10|23|889
890|0|2,13|11|8|890
891|0|2,13|12|9|891
892|0|7,14|1|7|892
893|0|7,14|2|9|893
894|0|7,14|3|8|894
895|0|7,14|4|23|895
896|0|7,14|5|10|896
897|0|7,14|6|9|897
898|0|7,14|7|10|898
899|0|7,14|8|6|899
900|0|7,14|9|12|900
901|0|7,14|10|23|901
902|0|7,14|11|8|902
903|0|7,14|12|9|903
904|0|7,16|1|7|904
905|0|7,16|2|9|905
906|0|7,16|3|8|906
907|0|7,16|4|23|907
908|0|7,16|5|10|908
909|0|7,16|6|9|909
910|0|7,16|7|10|910
911|0|7,16|8|6|911
912|0|7,16|9|12|912
913|0|7,16|10|23|913
914|0|7,16|11|8|914
915|0|7,16|12|9|915
916|0|7,17|1|7|916
917|0|7,17|2|9|917
918|0|7,17|3|8|918
919|0|7,17|4|23|919
920|0|7,17|5|10|920
921|0|7,17|6|9|921
922|0|7,17|7|10|922
923|0|7,17|8|6|923
924|0|7,17|9|12|924
925|0|7,17|10|23|925
926|0|7,17|11|8|926
927|0|7,17|12|9|927
928|0|7,10|1|7|928
929|0|7,10|2|12|929
930|0|7,10|3|8|930
931|0|7,10|4|14|931
932|0|7,10|5|10|932
933|0|7,10|6|9|933
934|0|7,10|7|10|934
935|0|7,10|8|6|935
936|0|7,10|9|14|936
937|0|7,10|10|14|937
938|0|7,10|11|8|938
939|0|7,10|12|23|939
940|0|8,9|1|7|940
941|0|8,9|2|9|941
942|0|8,9|3|8|942
943|0|8,9|4|23|943
944|0|8,9|5|10|944
945|0|8,9|6|9|945
946|0|8,9|7|10|946
947|0|8,9|8|6|947
948|0|8,9|9|11|948
949|0|8,9|10|23|949
950|0|8,9|11|8|950
951|0|8,9|12|9|951
952|0|8,11|1|7|952
953|0|8,11|2|9|953
954|0|8,11|3|8|954
955|0|8,11|4|23|955
956|0|8,11|5|10|956
957|0|8,11|6|9|957
958|0|8,11|7|10|958
959|0|8,11|8|6|959
960|0|8,11|9|8|960
961|0|8,11|10|23|961
962|0|8,11|11|8|962
963|0|8,11|12|9|963
964|0|9,17|1|7|964
965|0|9,17|2|9|965
966|0|9,17|3|8|966
967|0|9,17|4|23|967
968|0|9,17|5|10|968
969|0|9,17|6|9|969
970|0|9,17|7|10|970
971|0|9,17|8|6|971
972|0|9,17|9|10|972
973|0|9,17|10|23|973
974|0|9,17|11|8|974
975|0|9,17|12|9|975
976|0|10,14|1|7|976
977|0|10,14|2|9|977
978|0|10,14|3|8|978
979|0|10,14|4|14|979
980|0|10,14|5|10|980
981|0|10,14|6|9|981
982|0|10,14|7|10|982
983|0|10,14|8|6|983
984|0|10,14|9|14|984
985|0|10,14|10|14|985
986|0|10,14|11|8|986
987|0|10,14|12|9|987
988|0|12,13|1|11|988
989|0|12,13|2|7|989
990|0|12,13|3|8|990
991|0|12,13|4|23|991
992|0|12,13|5|11|992
993|0|12,13|6|7|993
994|0|12,13|7|10|994
995|0|12,13|8|6|995
996|0|12,13|9|11|996
997|0|12,13|10|23|997
998|0|12,13|11|8|998
999|0|12,13|12|23|999
1000|0|14,16|1|7|1000
1001|0|14,16|2|9|1001
1002|0|14,16|3|8|1002
1003|0|14,16|4|23|1003
1004|0|14,16|5|10|1004
1005|0|14,16|6|9|1005
1006|0|14,16|7|10|1006
1007|0|14,16|8|6|1007
1008|0|14,16|9|10|1008
1009|0|14,16|10|23|1009
1010|0|14,16|11|8|1010
1011|0|14,16|12|9|1011
1012|0|16,17|1|7|1012
1013|0|16,17|2|9|1013
1014|0|16,17|3|8|1014
1015|0|16,17|4|23|1015
1016|0|16,17|5|10|1016
1017|0|16,17|6|9|1017
1018|0|16,17|7|10|1018
1019|0|16,17|8|6|1019
1020|0|16,17|9|10|1020
1021|0|16,17|10|23|1021
1022|0|16,17|11|8|1022
1023|0|16,17|12|9|1023
1024|0|1,8,11|1|7|1024
1025|0|1,8,11|2|9|1025
1026|0|1,8,11|3|8|1026
1027|0|1,8,11|4|23|1027
1028|0|1,8,11|5|10|1028
1029|0|1,8,11|6|9|1029
1030|0|1,8,11|7|10|1030
1031|0|1,8,11|8|6|1031
1032|0|1,8,11|9|15|1032
1033|0|1,8,11|10|23|1033
1034|0|1,8,11|11|8|1034
1035|0|1,8,11|12|9|1035
1036|0|1,8,13|1|11|1036
1037|0|1,8,13|2|9|1037
1038|0|1,8,13|3|8|1038
1039|0|1,8,13|4|23|1039
1040|0|1,8,13|5|11|1040
1041|0|1,8,13|6|9|1041
1042|0|1,8,13|7|10|1042
1043|0|1,8,13|8|6|1043
1044|0|1,8,13|9|11|1044
1045|0|1,8,13|10|23|1045
1046|0|1,8,13|11|8|1046
1047|0|1,8,13|12|9|1047
1048|0|1,8,9|1|7|1048
1049|0|1,8,9|2|9|1049
1050|0|1,8,9|3|8|1050
1051|0|1,8,9|4|23|1051
1052|0|1,8,9|5|10|1052
1053|0|1,8,9|6|9|1053
1054|0|1,8,9|7|10|1054
1055|0|1,8,9|8|6|1055
1056|0|1,8,9|9|11|1056
1057|0|1,8,9|10|23|1057
1058|0|1,8,9|11|8|1058
1059|0|1,8,9|12|9|1059
1060|0|1,8,12|1|11|1060
1061|0|1,8,12|2|9|1061
1062|0|1,8,12|3|8|1062
1063|0|1,8,12|4|23|1063
1064|0|1,8,12|5|11|1064
1065|0|1,8,12|6|9|1065
1066|0|1,8,12|7|10|1066
1067|0|1,8,12|8|6|1067
1068|0|1,8,12|9|11|1068
1069|0|1,8,12|10|23|1069
1070|0|1,8,12|11|8|1070
1071|0|1,8,12|12|9|1071
1072|0|1,8,16|1|7|1072
1073|0|1,8,16|2|9|1073
1074|0|1,8,16|3|8|1074
1075|0|1,8,16|4|23|1075
1076|0|1,8,16|5|10|1076
1077|0|1,8,16|6|9|1077
1078|0|1,8,16|7|10|1078
1079|0|1,8,16|8|6|1079
1080|0|1,8,16|9|11|1080
1081|0|1,8,16|10|23|1081
1082|0|1,8,16|11|8|1082
1083|0|1,8,16|12|9|1083
1084|0|1,16,17|1|7|1084
1085|0|1,16,17|2|9|1085
1086|0|1,16,17|3|8|1086
1087|0|1,16,17|4|23|1087
1088|0|1,16,17|5|10|1088
1089|0|1,16,17|6|9|1089
1090|0|1,16,17|7|10|1090
1091|0|1,16,17|8|6|1091
1092|0|1,16,17|9|10|1092
1093|0|1,16,17|10|23|1093
1094|0|1,16,17|11|8|1094
1095|0|1,16,17|12|9|1095
1096|0|1,14,17|1|7|1096
1097|0|1,14,17|2|9|1097
1098|0|1,14,17|3|8|1098
1099|0|1,14,17|4|23|1099
1100|0|1,14,17|5|10|1100
1101|0|1,14,17|6|9|1101
1102|0|1,14,17|7|10|1102
1103|0|1,14,17|8|6|1103
1104|0|1,14,17|9|10|1104
1105|0|1,14,17|10|23|1105
1106|0|1,14,17|11|8|1106
1107|0|1,14,17|12|9|1107
1108|0|1,9,14|1|7|1108
1109|0|1,9,14|2|9|1109
1110|0|1,9,14|3|8|1110
1111|0|1,9,14|4|23|1111
1112|0|1,9,14|5|10|1112
1113|0|1,9,14|6|9|1113
1114|0|1,9,14|7|10|1114
1115|0|1,9,14|8|6|1115
1116|0|1,9,14|9|10|1116
1117|0|1,9,14|10|23|1117
1118|0|1,9,14|11|8|1118
1119|0|1,9,14|12|9|1119
1120|0|1,9,17|1|7|1120
1121|0|1,9,17|2|9|1121
1122|0|1,9,17|3|8|1122
1123|0|1,9,17|4|23|1123
1124|0|1,9,17|5|10|1124
1125|0|1,9,17|6|9|1125
1126|0|1,9,17|7|10|1126
1127|0|1,9,17|8|6|1127
1128|0|1,9,17|9|10|1128
1129|0|1,9,17|10|23|1129
1130|0|1,9,17|11|8|1130
1131|0|1,9,17|12|9|1131
1132|0|1,9,16|1|7|1132
1133|0|1,9,16|2|9|1133
1134|0|1,9,16|3|8|1134
1135|0|1,9,16|4|23|1135
1136|0|1,9,16|5|10|1136
1137|0|1,9,16|6|9|1137
1138|0|1,9,16|7|10|1138
1139|0|1,9,16|8|6|1139
1140|0|1,9,16|9|15|1140
1141|0|1,9,16|10|23|1141
1142|0|1,9,16|11|8|1142
1143|0|1,9,16|12|9|1143
1144|0|1,2,8|1|7|1144
1145|0|1,2,8|2|9|1145
1146|0|1,2,8|3|8|1146
1147|0|1,2,8|4|23|1147
1148|0|1,2,8|5|10|1148
1149|0|1,2,8|6|9|1149
1150|0|1,2,8|7|10|1150
1151|0|1,2,8|8|6|1151
1152|0|1,2,8|9|11|1152
1153|0|1,2,8|10|23|1153
1154|0|1,2,8|11|8|1154
1155|0|1,2,8|12|9|1155
1156|0|1,2,11|1|7|1156
1157|0|1,2,11|2|9|1157
1158|0|1,2,11|3|8|1158
1159|0|1,2,11|4|23|1159
1160|0|1,2,11|5|10|1160
1161|0|1,2,11|6|9|1161
1162|0|1,2,11|7|10|1162
1163|0|1,2,11|8|6|1163
1164|0|1,2,11|9|15|1164
1165|0|1,2,11|10|23|1165
1166|0|1,2,11|11|8|1166
1167|0|1,2,11|12|9|1167
1168|0|1,2,13|1|11|1168
1169|0|1,2,13|2|9|1169
1170|0|1,2,13|3|8|1170
1171|0|1,2,13|4|23|1171
1172|0|1,2,13|5|11|1172
1173|0|1,2,13|6|9|1173
1174|0|1,2,13|7|10|1174
1175|0|1,2,13|8|6|1175
1176|0|1,2,13|9|11|1176
1177|0|1,2,13|10|23|1177
1178|0|1,2,13|11|8|1178
1179|0|1,2,13|12|9|1179
1180|0|2,12,13|1|11|1180
1181|0|2,12,13|2|7|1181
1182|0|2,12,13|3|8|1182
1183|0|2,12,13|4|23|1183
1184|0|2,12,13|5|11|1184
1185|0|2,12,13|6|7|1185
1186|0|2,12,13|7|10|1186
1187|0|2,12,13|8|6|1187
1188|0|2,12,13|9|11|1188
1189|0|2,12,13|10|23|1189
1190|0|2,12,13|11|8|1190
1191|0|2,12,13|12|23|1191
1192|0|2,8,9|1|7|1192
1193|0|2,8,9|2|9|1193
1194|0|2,8,9|3|8|1194
1195|0|2,8,9|4|23|1195
1196|0|2,8,9|5|10|1196
1197|0|2,8,9|6|9|1197
1198|0|2,8,9|7|10|1198
1199|0|2,8,9|8|6|1199
1200|0|2,8,9|9|11|1200
1201|0|2,8,9|10|23|1201
1202|0|2,8,9|11|8|1202
1203|0|2,8,9|12|9|1203
1204|0|7,14,16|1|7|1204
1205|0|7,14,16|2|9|1205
1206|0|7,14,16|3|8|1206
1207|0|7,14,16|4|23|1207
1208|0|7,14,16|5|10|1208
1209|0|7,14,16|6|9|1209
1210|0|7,14,16|7|10|1210
1211|0|7,14,16|8|6|1211
1212|0|7,14,16|9|12|1212
1213|0|7,14,16|10|23|1213
1214|0|7,14,16|11|8|1214
1215|0|7,14,16|12|9|1215
1216|0|7,10,14|1|7|1216
1217|0|7,10,14|2|12|1217
1218|0|7,10,14|3|8|1218
1219|0|7,10,14|4|14|1219
1220|0|7,10,14|5|10|1220
1221|0|7,10,14|6|9|1221
1222|0|7,10,14|7|10|1222
1223|0|7,10,14|8|6|1223
1224|0|7,10,14|9|14|1224
1225|0|7,10,14|10|14|1225
1226|0|7,10,14|11|8|1226
1227|0|7,10,14|12|9|1227
1228|0|7,10,16|1|7|1228
1229|0|7,10,16|2|12|1229
1230|0|7,10,16|3|8|1230
1231|0|7,10,16|4|14|1231
1232|0|7,10,16|5|10|1232
1233|0|7,10,16|6|9|1233
1234|0|7,10,16|7|10|1234
1235|0|7,10,16|8|6|1235
1236|0|7,10,16|9|14|1236
1237|0|7,10,16|10|14|1237
1238|0|7,10,16|11|8|1238
1239|0|7,10,16|12|9|1239
1240|0|7,14,17|1|7|1240
1241|0|7,14,17|2|9|1241
1242|0|7,14,17|3|8|1242
1243|0|7,14,17|4|23|1243
1244|0|7,14,17|5|10|1244
1245|0|7,14,17|6|9|1245
1246|0|7,14,17|7|10|1246
1247|0|7,14,17|8|6|1247
1248|0|7,14,17|9|12|1248
1249|0|7,14,17|10|23|1249
1250|0|7,14,17|11|8|1250
1251|0|7,14,17|12|9|1251
1252|0|7,10,17|1|7|1252
1253|0|7,10,17|2|12|1253
1254|0|7,10,17|3|8|1254
1255|0|7,10,17|4|14|1255
1256|0|7,10,17|5|10|1256
1257|0|7,10,17|6|9|1257
1258|0|7,10,17|7|10|1258
1259|0|7,10,17|8|6|1259
1260|0|7,10,17|9|14|1260
1261|0|7,10,17|10|14|1261
1262|0|7,10,17|11|8|1262
1263|0|7,10,17|12|9|1263
1264|0|8,9,13|1|11|1264
1265|0|8,9,13|2|9|1265
1266|0|8,9,13|3|8|1266
1267|0|8,9,13|4|23|1267
1268|0|8,9,13|5|11|1268
1269|0|8,9,13|6|9|1269
1270|0|8,9,13|7|10|1270
1271|0|8,9,13|8|6|1271
1272|0|8,9,13|9|11|1272
1273|0|8,9,13|10|23|1273
1274|0|8,9,13|11|8|1274
1275|0|8,9,13|12|9|1275
1276|0|8,11,13|1|11|1276
1277|0|8,11,13|2|9|1277
1278|0|8,11,13|3|8|1278
1279|0|8,11,13|4|23|1279
1280|0|8,11,13|5|11|1280
1281|0|8,11,13|6|9|1281
1282|0|8,11,13|7|10|1282
1283|0|8,11,13|8|6|1283
1284|0|8,11,13|9|11|1284
1285|0|8,11,13|10|23|1285
1286|0|8,11,13|11|8|1286
1287|0|8,11,13|12|9|1287
1288|0|8,12,13|1|11|1288
1289|0|8,12,13|2|7|1289
1290|0|8,12,13|3|8|1290
1291|0|8,12,13|4|23|1291
1292|0|8,12,13|5|11|1292
1293|0|8,12,13|6|7|1293
1294|0|8,12,13|7|10|1294
1295|0|8,12,13|8|6|1295
1296|0|8,12,13|9|11|1296
1297|0|8,12,13|10|23|1297
1298|0|8,12,13|11|8|1298
1299|0|8,12,13|12|23|1299
1300|0|8,9,16|1|7|1300
1301|0|8,9,16|2|9|1301
1302|0|8,9,16|3|8|1302
1303|0|8,9,16|4|23|1303
1304|0|8,9,16|5|10|1304
1305|0|8,9,16|6|9|1305
1306|0|8,9,16|7|10|1306
1307|0|8,9,16|8|6|1307
1308|0|8,9,16|9|11|1308
1309|0|8,9,16|10|23|1309
1310|0|8,9,16|11|8|1310
1311|0|8,9,16|12|9|1311
1312|0|14,16,17|1|7|1312
1313|0|14,16,17|2|9|1313
1314|0|14,16,17|3|8|1314
1315|0|14,16,17|4|23|1315
1316|0|14,16,17|5|10|1316
1317|0|14,16,17|6|9|1317
1318|0|14,16,17|7|10|1318
1319|0|14,16,17|8|6|1319
1320|0|14,16,17|9|10|1320
1321|0|14,16,17|10|23|1321
1322|0|14,16,17|11|8|1322
1323|0|14,16,17|12|9|1323
1324|1|1|1|7|1324
1325|1|1|2|9|1325
1326|1|1|3|7|1326
1327|1|1|4|23|1327
1328|1|1|5|10|1328
1329|1|1|6|6|1329
1330|1|1|7|10|1330
1331|1|1|8|6|1331
1332|1|1|9|15|1332
1333|1|1|10|9|1333
1334|1|1|11|8|1334
1335|1|1|12|9|1335
1336|1|7|1|7|1336
1337|1|7|2|9|1337
1338|1|7|3|8|1338
1339|1|7|4|14|1339
1340|1|7|5|10|1340
1341|1|7|6|9|1341
1342|1|7|7|10|1342
1343|1|7|8|6|1343
1344|1|7|9|14|1344
1345|1|7|10|14|1345
1346|1|7|11|8|1346
1347|1|7|12|9|1347
1348|1|10|1|7|1348
1349|1|10|2|12|1349
1350|1|10|3|8|1350
1351|1|10|4|14|1351
1352|1|10|5|10|1352
1353|1|10|6|9|1353
1354|1|10|7|10|1354
1355|1|10|8|6|1355
1356|1|10|9|14|1356
1357|1|10|10|14|1357
1358|1|10|11|8|1358
1359|1|10|12|9|1359
1360|1|14|1|7|1360
1361|1|14|2|6|1361
1362|1|14|3|8|1362
1363|1|14|4|23|1363
1364|1|14|5|10|1364
1365|1|14|6|6|1365
1366|1|14|7|10|1366
1367|1|14|8|6|1367
1368|1|14|9|10|1368
1369|1|14|10|9|1369
1370|1|14|11|8|1370
1371|1|14|12|9|1371
1372|1|1,11|1|7|1372
1373|1|1,11|2|9|1373
1374|1|1,11|3|8|1374
1375|1|1,11|4|23|1375
1376|1|1,11|5|10|1376
1377|1|1,11|6|6|1377
1378|1|1,11|7|10|1378
1379|1|1,11|8|6|1379
1380|1|1,11|9|15|1380
1381|1|1,11|10|9|1381
1382|1|1,11|11|8|1382
1383|1|1,11|12|9|1383
1384|1|1,9|1|7|1384
1385|1|1,9|2|9|1385
1386|1|1,9|3|7|1386
1387|1|1,9|4|23|1387
1388|1|1,9|5|10|1388
1389|1|1,9|6|6|1389
1390|1|1,9|7|10|1390
1391|1|1,9|8|6|1391
1392|1|1,9|9|15|1392
1393|1|1,9|10|9|1393
1394|1|1,9|11|8|1394
1395|1|1,9|12|9|1395
1396|1|1,8|1|7|1396
1397|1|1,8|2|9|1397
1398|1|1,8|3|8|1398
1399|1|1,8|4|23|1399
1400|1|1,8|5|10|1400
1401|1|1,8|6|6|1401
1402|1|1,8|7|10|1402
1403|1|1,8|8|6|1403
1404|1|1,8|9|11|1404
1405|1|1,8|10|9|1405
1406|1|1,8|11|8|1406
1407|1|1,8|12|9|1407
1408|1|1,17|1|7|1408
1409|1|1,17|2|6|1409
1410|1|1,17|3|8|1410
1411|1|1,17|4|23|1411
1412|1|1,17|5|10|1412
1413|1|1,17|6|6|1413
1414|1|1,17|7|10|1414
1415|1|1,17|8|6|1415
1416|1|1,17|9|10|1416
1417|1|1,17|10|9|1417
1418|1|1,17|11|8|1418
1419|1|1,17|12|6|1419
1420|1|1,16|1|7|1420
1421|1|1,16|2|6|1421
1422|1|1,16|3|8|1422
1423|1|1,16|4|23|1423
1424|1|1,16|5|10|1424
1425|1|1,16|6|6|1425
1426|1|1,16|7|10|1426
1427|1|1,16|8|6|1427
1428|1|1,16|9|15|1428
1429|1|1,16|10|6|1429
1430|1|1,16|11|8|1430
1431|1|1,16|12|6|1431
1432|1|2,9|1|7|1432
1433|1|2,9|2|9|1433
1434|1|2,9|3|7|1434
1435|1|2,9|4|23|1435
1436|1|2,9|5|10|1436
1437|1|2,9|6|6|1437
1438|1|2,9|7|10|1438
1439|1|2,9|8|6|1439
1440|1|2,9|9|15|1440
1441|1|2,9|10|9|1441
1442|1|2,9|11|8|1442
1443|1|2,9|12|9|1443
1444|1|2,11|1|7|1444
1445|1|2,11|2|9|1445
1446|1|2,11|3|8|1446
1447|1|2,11|4|23|1447
1448|1|2,11|5|10|1448
1449|1|2,11|6|6|1449
1450|1|2,11|7|10|1450
1451|1|2,11|8|6|1451
1452|1|2,11|9|15|1452
1453|1|2,11|10|9|1453
1454|1|2,11|11|8|1454
1455|1|2,11|12|9|1455
1456|1|2,12|1|7|1456
1457|1|2,12|2|9|1457
1458|1|2,12|3|8|1458
1459|1|2,12|4|23|1459
1460|1|2,12|5|10|1460
1461|1|2,12|6|6|1461
1462|1|2,12|7|10|1462
1463|1|2,12|8|6|1463
1464|1|2,12|9|11|1464
1465|1|2,12|10|9|1465
1466|1|2,12|11|8|1466
1467|1|2,12|12|9|1467
1468|1|2,13|1|7|1468
1469|1|2,13|2|9|1469
1470|1|2,13|3|8|1470
1471|1|2,13|4|23|1471
1472|1|2,13|5|10|1472
1473|1|2,13|6|6|1473
1474|1|2,13|7|10|1474
1475|1|2,13|8|6|1475
1476|1|2,13|9|11|1476
1477|1|2,13|10|9|1477
1478|1|2,13|11|8|1478
1479|1|2,13|12|9|1479
1480|1|7,14|1|7|1480
1481|1|7,14|2|6|1481
1482|1|7,14|3|8|1482
1483|1|7,14|4|14|1483
1484|1|7,14|5|10|1484
1485|1|7,14|6|6|1485
1486|1|7,14|7|10|1486
1487|1|7,14|8|6|1487
1488|1|7,14|9|12|1488
1489|1|7,14|10|9|1489
1490|1|7,14|11|8|1490
1491|1|7,14|12|6|1491
1492|1|7,16|1|7|1492
1493|1|7,16|2|6|1493
1494|1|7,16|3|8|1494
1495|1|7,16|4|14|1495
1496|1|7,16|5|10|1496
1497|1|7,16|6|6|1497
1498|1|7,16|7|10|1498
1499|1|7,16|8|6|1499
1500|1|7,16|9|12|1500
1501|1|7,16|10|9|1501
1502|1|7,16|11|8|1502
1503|1|7,16|12|6|1503
1504|1|7,17|1|7|1504
1505|1|7,17|2|6|1505
1506|1|7,17|3|8|1506
1507|1|7,17|4|14|1507
1508|1|7,17|5|10|1508
1509|1|7,17|6|6|1509
1510|1|7,17|7|10|1510
1511|1|7,17|8|6|1511
1512|1|7,17|9|12|1512
1513|1|7,17|10|9|1513
1514|1|7,17|11|8|1514
1515|1|7,17|12|6|1515
1516|1|7,10|1|7|1516
1517|1|7,10|2|12|1517
1518|1|7,10|3|8|1518
1519|1|7,10|4|14|1519
1520|1|7,10|5|10|1520
1521|1|7,10|6|9|1521
1522|1|7,10|7|10|1522
1523|1|7,10|8|6|1523
1524|1|7,10|9|14|1524
1525|1|7,10|10|14|1525
1526|1|7,10|11|8|1526
1527|1|7,10|12|9|1527
1528|1|8,9|1|7|1528
1529|1|8,9|2|9|1529
1530|1|8,9|3|8|1530
1531|1|8,9|4|23|1531
1532|1|8,9|5|10|1532
1533|1|8,9|6|6|1533
1534|1|8,9|7|10|1534
1535|1|8,9|8|6|1535
1536|1|8,9|9|11|1536
1537|1|8,9|10|9|1537
1538|1|8,9|11|8|1538
1539|1|8,9|12|9|1539
1540|1|8,11|1|7|1540
1541|1|8,11|2|9|1541
1542|1|8,11|3|8|1542
1543|1|8,11|4|23|1543
1544|1|8,11|5|10|1544
1545|1|8,11|6|6|1545
1546|1|8,11|7|10|1546
1547|1|8,11|8|6|1547
1548|1|8,11|9|8|1548
1549|1|8,11|10|9|1549
1550|1|8,11|11|8|1550
1551|1|8,11|12|9|1551
1552|1|9,17|1|7|1552
1553|1|9,17|2|6|1553
1554|1|9,17|3|8|1554
1555|1|9,17|4|23|1555
1556|1|9,17|5|10|1556
1557|1|9,17|6|6|1557
1558|1|9,17|7|10|1558
1559|1|9,17|8|6|1559
1560|1|9,17|9|10|1560
1561|1|9,17|10|9|1561
1562|1|9,17|11|8|1562
1563|1|9,17|12|6|1563
1564|1|10,14|1|7|1564
1565|1|10,14|2|6|1565
1566|1|10,14|3|8|1566
1567|1|10,14|4|14|1567
1568|1|10,14|5|10|1568
1569|1|10,14|6|6|1569
1570|1|10,14|7|10|1570
1571|1|10,14|8|6|1571
1572|1|10,14|9|14|1572
1573|1|10,14|10|14|1573
1574|1|10,14|11|8|1574
1575|1|10,14|12|6|1575
1576|1|12,13|1|11|1576
1577|1|12,13|2|7|1577
1578|1|12,13|3|8|1578
1579|1|12,13|4|23|1579
1580|1|12,13|5|11|1580
1581|1|12,13|6|6|1581
1582|1|12,13|7|10|1582
1583|1|12,13|8|6|1583
1584|1|12,13|9|11|1584
1585|1|12,13|10|9|1585
1586|1|12,13|11|8|1586
1587|1|12,13|12|9|1587
1588|1|14,16|1|7|1588
1589|1|14,16|2|6|1589
1590|1|14,16|3|8|1590
1591|1|14,16|4|23|1591
1592|1|14,16|5|10|1592
1593|1|14,16|6|6|1593
1594|1|14,16|7|10|1594
1595|1|14,16|8|6|1595
1596|1|14,16|9|10|1596
1597|1|14,16|10|6|1597
1598|1|14,16|11|8|1598
1599|1|14,16|12|6|1599
1600|1|16,17|1|7|1600
1601|1|16,17|2|6|1601
1602|1|16,17|3|8|1602
1603|1|16,17|4|23|1603
1604|1|16,17|5|10|1604
1605|1|16,17|6|6|1605
1606|1|16,17|7|10|1606
1607|1|16,17|8|6|1607
1608|1|16,17|9|10|1608
1609|1|16,17|10|6|1609
1610|1|16,17|11|8|1610
1611|1|16,17|12|6|1611
1612|1|1,8,11|1|7|1612
1613|1|1,8,11|2|9|1613
1614|1|1,8,11|3|8|1614
1615|1|1,8,11|4|23|1615
1616|1|1,8,11|5|10|1616
1617|1|1,8,11|6|6|1617
1618|1|1,8,11|7|10|1618
1619|1|1,8,11|8|6|1619
1620|1|1,8,11|9|15|1620
1621|1|1,8,11|10|9|1621
1622|1|1,8,11|11|8|1622
1623|1|1,8,11|12|9|1623
1624|1|1,8,13|1|11|1624
1625|1|1,8,13|2|9|1625
1626|1|1,8,13|3|8|1626
1627|1|1,8,13|4|23|1627
1628|1|1,8,13|5|11|1628
1629|1|1,8,13|6|6|1629
1630|1|1,8,13|7|10|1630
1631|1|1,8,13|8|6|1631
1632|1|1,8,13|9|11|1632
1633|1|1,8,13|10|9|1633
1634|1|1,8,13|11|8|1634
1635|1|1,8,13|12|9|1635
1636|1|1,8,9|1|7|1636
1637|1|1,8,9|2|9|1637
1638|1|1,8,9|3|8|1638
1639|1|1,8,9|4|23|1639
1640|1|1,8,9|5|10|1640
1641|1|1,8,9|6|6|1641
1642|1|1,8,9|7|10|1642
1643|1|1,8,9|8|6|1643
1644|1|1,8,9|9|11|1644
1645|1|1,8,9|10|9|1645
1646|1|1,8,9|11|8|1646
1647|1|1,8,9|12|9|1647
1648|1|1,8,12|1|11|1648
1649|1|1,8,12|2|9|1649
1650|1|1,8,12|3|8|1650
1651|1|1,8,12|4|23|1651
1652|1|1,8,12|5|11|1652
1653|1|1,8,12|6|6|1653
1654|1|1,8,12|7|10|1654
1655|1|1,8,12|8|6|1655
1656|1|1,8,12|9|11|1656
1657|1|1,8,12|10|9|1657
1658|1|1,8,12|11|8|1658
1659|1|1,8,12|12|9|1659
1660|1|1,8,16|1|7|1660
1661|1|1,8,16|2|6|1661
1662|1|1,8,16|3|8|1662
1663|1|1,8,16|4|23|1663
1664|1|1,8,16|5|10|1664
1665|1|1,8,16|6|6|1665
1666|1|1,8,16|7|10|1666
1667|1|1,8,16|8|6|1667
1668|1|1,8,16|9|11|1668
1669|1|1,8,16|10|6|1669
1670|1|1,8,16|11|8|1670
1671|1|1,8,16|12|6|1671
1672|1|1,16,17|1|7|1672
1673|1|1,16,17|2|6|1673
1674|1|1,16,17|3|8|1674
1675|1|1,16,17|4|23|1675
1676|1|1,16,17|5|10|1676
1677|1|1,16,17|6|6|1677
1678|1|1,16,17|7|10|1678
1679|1|1,16,17|8|6|1679
1680|1|1,16,17|9|10|1680
1681|1|1,16,17|10|6|1681
1682|1|1,16,17|11|8|1682
1683|1|1,16,17|12|6|1683
1684|1|1,14,17|1|7|1684
1685|1|1,14,17|2|6|1685
1686|1|1,14,17|3|8|1686
1687|1|1,14,17|4|23|1687
1688|1|1,14,17|5|10|1688
1689|1|1,14,17|6|6|1689
1690|1|1,14,17|7|10|1690
1691|1|1,14,17|8|6|1691
1692|1|1,14,17|9|10|1692
1693|1|1,14,17|10|6|1693
1694|1|1,14,17|11|8|1694
1695|1|1,14,17|12|6|1695
1696|1|1,9,14|1|7|1696
1697|1|1,9,14|2|6|1697
1698|1|1,9,14|3|8|1698
1699|1|1,9,14|4|23|1699
1700|1|1,9,14|5|10|1700
1701|1|1,9,14|6|6|1701
1702|1|1,9,14|7|10|1702
1703|1|1,9,14|8|6|1703
1704|1|1,9,14|9|10|1704
1705|1|1,9,14|10|9|1705
1706|1|1,9,14|11|8|1706
1707|1|1,9,14|12|6|1707
1708|1|1,9,17|1|7|1708
1709|1|1,9,17|2|6|1709
1710|1|1,9,17|3|8|1710
1711|1|1,9,17|4|23|1711
1712|1|1,9,17|5|10|1712
1713|1|1,9,17|6|6|1713
1714|1|1,9,17|7|10|1714
1715|1|1,9,17|8|6|1715
1716|1|1,9,17|9|10|1716
1717|1|1,9,17|10|9|1717
1718|1|1,9,17|11|8|1718
1719|1|1,9,17|12|6|1719
1720|1|1,9,16|1|7|1720
1721|1|1,9,16|2|6|1721
1722|1|1,9,16|3|8|1722
1723|1|1,9,16|4|23|1723
1724|1|1,9,16|5|10|1724
1725|1|1,9,16|6|6|1725
1726|1|1,9,16|7|10|1726
1727|1|1,9,16|8|6|1727
1728|1|1,9,16|9|15|1728
1729|1|1,9,16|10|6|1729
1730|1|1,9,16|11|8|1730
1731|1|1,9,16|12|6|1731
1732|1|1,2,8|1|7|1732
1733|1|1,2,8|2|9|1733
1734|1|1,2,8|3|8|1734
1735|1|1,2,8|4|23|1735
1736|1|1,2,8|5|10|1736
1737|1|1,2,8|6|6|1737
1738|1|1,2,8|7|10|1738
1739|1|1,2,8|8|6|1739
1740|1|1,2,8|9|11|1740
1741|1|1,2,8|10|9|1741
1742|1|1,2,8|11|8|1742
1743|1|1,2,8|12|9|1743
1744|1|1,2,11|1|7|1744
1745|1|1,2,11|2|9|1745
1746|1|1,2,11|3|8|1746
1747|1|1,2,11|4|23|1747
1748|1|1,2,11|5|10|1748
1749|1|1,2,11|6|6|1749
1750|1|1,2,11|7|10|1750
1751|1|1,2,11|8|6|1751
1752|1|1,2,11|9|15|1752
1753|1|1,2,11|10|9|1753
1754|1|1,2,11|11|8|1754
1755|1|1,2,11|12|9|1755
1756|1|1,2,13|1|11|1756
1757|1|1,2,13|2|9|1757
1758|1|1,2,13|3|8|1758
1759|1|1,2,13|4|23|1759
1760|1|1,2,13|5|11|1760
1761|1|1,2,13|6|6|1761
1762|1|1,2,13|7|10|1762
1763|1|1,2,13|8|6|1763
1764|1|1,2,13|9|11|1764
1765|1|1,2,13|10|9|1765
1766|1|1,2,13|11|8|1766
1767|1|1,2,13|12|9|1767
1768|1|2,12,13|1|11|1768
1769|1|2,12,13|2|7|1769
1770|1|2,12,13|3|8|1770
1771|1|2,12,13|4|23|1771
1772|1|2,12,13|5|11|1772
1773|1|2,12,13|6|6|1773
1774|1|2,12,13|7|10|1774
1775|1|2,12,13|8|6|1775
1776|1|2,12,13|9|11|1776
1777|1|2,12,13|10|9|1777
1778|1|2,12,13|11|8|1778
1779|1|2,12,13|12|9|1779
1780|1|2,8,9|1|7|1780
1781|1|2,8,9|2|9|1781
1782|1|2,8,9|3|8|1782
1783|1|2,8,9|4|23|1783
1784|1|2,8,9|5|10|1784
1785|1|2,8,9|6|6|1785
1786|1|2,8,9|7|10|1786
1787|1|2,8,9|8|6|1787
1788|1|2,8,9|9|11|1788
1789|1|2,8,9|10|9|1789
1790|1|2,8,9|11|8|1790
1791|1|2,8,9|12|9|1791
1792|1|7,14,16|1|7|1792
1793|1|7,14,16|2|6|1793
1794|1|7,14,16|3|8|1794
1795|1|7,14,16|4|14|1795
1796|1|7,14,16|5|10|1796
1797|1|7,14,16|6|6|1797
1798|1|7,14,16|7|10|1798
1799|1|7,14,16|8|6|1799
1800|1|7,14,16|9|12|1800
1801|1|7,14,16|10|6|1801
1802|1|7,14,16|11|8|1802
1803|1|7,14,16|12|6|1803
1804|1|7,10,14|1|7|1804
1805|1|7,10,14|2|6|1805
1806|1|7,10,14|3|8|1806
1807|1|7,10,14|4|14|1807
1808|1|7,10,14|5|10|1808
1809|1|7,10,14|6|6|1809
1810|1|7,10,14|7|10|1810
1811|1|7,10,14|8|6|1811
1812|1|7,10,14|9|14|1812
1813|1|7,10,14|10|14|1813
1814|1|7,10,14|11|8|1814
1815|1|7,10,14|12|6|1815
1816|1|7,10,16|1|7|1816
1817|1|7,10,16|2|6|1817
1818|1|7,10,16|3|8|1818
1819|1|7,10,16|4|14|1819
1820|1|7,10,16|5|10|1820
1821|1|7,10,16|6|6|1821
1822|1|7,10,16|7|10|1822
1823|1|7,10,16|8|6|1823
1824|1|7,10,16|9|14|1824
1825|1|7,10,16|10|14|1825
1826|1|7,10,16|11|8|1826
1827|1|7,10,16|12|6|1827
1828|1|7,14,17|1|7|1828
1829|1|7,14,17|2|6|1829
1830|1|7,14,17|3|8|1830
1831|1|7,14,17|4|14|1831
1832|1|7,14,17|5|10|1832
1833|1|7,14,17|6|6|1833
1834|1|7,14,17|7|10|1834
1835|1|7,14,17|8|6|1835
1836|1|7,14,17|9|12|1836
1837|1|7,14,17|10|6|1837
1838|1|7,14,17|11|8|1838
1839|1|7,14,17|12|6|1839
1840|1|7,10,17|1|7|1840
1841|1|7,10,17|2|6|1841
1842|1|7,10,17|3|8|1842
1843|1|7,10,17|4|14|1843
1844|1|7,10,17|5|10|1844
1845|1|7,10,17|6|6|1845
1846|1|7,10,17|7|10|1846
1847|1|7,10,17|8|6|1847
1848|1|7,10,17|9|14|1848
1849|1|7,10,17|10|14|1849
1850|1|7,10,17|11|8|1850
1851|1|7,10,17|12|6|1851
1852|1|8,9,13|1|11|1852
1853|1|8,9,13|2|9|1853
1854|1|8,9,13|3|8|1854
1855|1|8,9,13|4|23|1855
1856|1|8,9,13|5|11|1856
1857|1|8,9,13|6|6|1857
1858|1|8,9,13|7|10|1858
1859|1|8,9,13|8|6|1859
1860|1|8,9,13|9|11|1860
1861|1|8,9,13|10|9|1861
1862|1|8,9,13|11|8|1862
1863|1|8,9,13|12|9|1863
1864|1|8,11,13|1|11|1864
1865|1|8,11,13|2|9|1865
1866|1|8,11,13|3|8|1866
1867|1|8,11,13|4|23|1867
1868|1|8,11,13|5|11|1868
1869|1|8,11,13|6|6|1869
1870|1|8,11,13|7|10|1870
1871|1|8,11,13|8|6|1871
1872|1|8,11,13|9|11|1872
1873|1|8,11,13|10|9|1873
1874|1|8,11,13|11|8|1874
1875|1|8,11,13|12|9|1875
1876|1|8,12,13|1|11|1876
1877|1|8,12,13|2|7|1877
1878|1|8,12,13|3|8|1878
1879|1|8,12,13|4|23|1879
1880|1|8,12,13|5|11|1880
1881|1|8,12,13|6|6|1881
1882|1|8,12,13|7|10|1882
1883|1|8,12,13|8|6|1883
1884|1|8,12,13|9|11|1884
1885|1|8,12,13|10|9|1885
1886|1|8,12,13|11|8|1886
1887|1|8,12,13|12|9|1887
1888|1|8,9,16|1|7|1888
1889|1|8,9,16|2|6|1889
1890|1|8,9,16|3|8|1890
1891|1|8,9,16|4|23|1891
1892|1|8,9,16|5|10|1892
1893|1|8,9,16|6|6|1893
1894|1|8,9,16|7|10|1894
1895|1|8,9,16|8|6|1895
1896|1|8,9,16|9|11|1896
1897|1|8,9,16|10|6|1897
1898|1|8,9,16|11|8|1898
1899|1|8,9,16|12|6|1899
1900|1|14,16,17|1|7|1900
1901|1|14,16,17|2|6|1901
1902|1|14,16,17|3|8|1902
1903|1|14,16,17|4|23|1903
1904|1|14,16,17|5|10|1904
1905|1|14,16,17|6|6|1905
1906|1|14,16,17|7|10|1906
1907|1|14,16,17|8|6|1907
1908|1|14,16,17|9|10|1908
1909|1|14,16,17|10|6|1909
1910|1|14,16,17|11|8|1910
1911|1|14,16,17|12|6|1911
